allsilph_order	original_order	Location	plot_id	source_prairie	species	rep	row	column	directionheading	height_JUL_2020	mortality_JUL_2020	no_bolting_JUL_2020	grwth_stg_JUL_2020	vigor_JUL_2020	vigor_2020	random_num_2020	stem_dia_mm_JUL_2020	max_lig_JUL_2020	disc_dia_JUL_2020	num_stems_JUL_2020	pssev_JUL_2020	PSLERES_JUL_2020	STEMPS_JUL_2020	CLV_JUL_2020	notes_JUL_2020	maxlig_AUG_2020	disc_dia_AUG_2020	lf_lgth_AUG_2020	lf_width_AUG_2020	lf_thcknss_AUG_2020	num_flwrs_single_stlk_AUG_2020	stem_herb_2020	Floral_herb_AUG_2020	GALLWASP_AUG_2020	leaf_herb_AUG_2020	herb_other_AUG_2020	pssev_AUG_2020	PSLERES_AUG_2020	STEMPS_AUG_2020	lf_blotch_AUG_2020	dis_other_AUG_2020	Notes_AUG_2020	Notes_AUG_2020	bolting_SEPT_2019	mortality_SEPT_2019	vigor_SEPT_2019	growth_stage_SEPT_2019	PSLESEV_SEPT_2019	PSLERES_SEPT_2019	PSSTSEV_SEPT_2019	BLLEBLSEV_SEPT_2019	PHSTSEV_SEPT_2019	CLVESEV_SEPT_2019	DM_SEPT_2019	notes_SEPT_2019	insertrows	AVG_Lig_2020	AVG_Disk_Dia_2020	Year
1	NA	west	C2_SIL	C2	SIL	1	1	1	N	140	0	9	3.7	7	6	NA	4.033333333	NA	NA	8.666666667	0.5	1.333333333	1	0.666666667	NA	18	5.816666667	10	5.5	0.845	18.33333333	0.333333333	10	0	21.66666667	0	0.333333333	1.333333333	0.333333333	0.166666667	NA	NA	NA	5	0	10	3.1	0.01	2	0	0	0	0	0	NA	Average	18	5.816666667	NA
2	NA	west	E3_SIL	E3	SIL	1	4	1	N	125	0	9	4.1	7	6	NA	3.25	14	8.175	13	0.866666667	2.333333333	1.166666667	2	NA	15	5.55	8	4	0.911	20	0.666666667	3.333333333	0	8.333333333	0	0.7	1.5	2.5	0.333333333	NA	NA	NA	5	0	10	3.1	0.01	2	0	0	0	1	0	NA	Average	14.5	6.8625	NA
3	NA	west	W1_SIL	W1	SIL	1	5	1	N	120	0	8	6.7	5	5	NA	2.883333333	29	7.95	12	5.666666667	3	5	5.666666667	NA	NA	NA	9	4.333333333	0.905666667	3.666666667	1.666666667	53.33333333	6.666666667	33.33333333	0	4	2.666666667	2.5	0.366666667	NA	NA	NA	1	0	8	1.7	0.2	2	0	0	0	0	4	NA	Average	29	7.95	NA
4	NA	west	W4_SIL	W4	SIL	1	7	1	N	125	1	8	5.5	5	5	NA	3.25	31.5	9.25	7.666666667	10	3.333333333	5.166666667	5.666666667	NA	NA	5.8	10.5	4	0.752	4	0	33.33333333	20	43.33333333	0	7.333333333	2.333333333	3	0	NA	NA	NA	0	0	8	1.7	0.1	2	0	0	0	0	3	NA	Average	31.5	7.525	NA
5	NA	west	W3_SIL	W3	SIL	1	8	1	N	115	0	9	6	6	5	NA	2.633333333	29	7.866666667	11	1.666666667	2.333333333	5	8.666666667	NA	NA	NA	8.833333333	2.833333333	0.829	4.333333333	0.333333333	20	3.333333333	46.66666667	0	0.833333333	2	4	0.033333333	NA	NA	NA	0	0	8	1.8	0.01	2	0	0	0	0	0.05	NA	Average	29	7.866666667	NA
6	NA	west	W2_SIL	W2	SIL	1	12	1	N	115	0	9	5.7	4	4	NA	2.6	32	7.583333333	7.666666667	1.166666667	3	2.333333333	8	NA	NA	NA	8.5	3.75	0.9265	2.666666667	0	15	3.333333333	20	0	0.533333333	2	2.166666667	10.16666667	NA	NA	NA	0	0	8	1.7	0.01	2	0	0.05	0	0	0.05	NA	Average	32	7.583333333	NA
7	NA	west	E4_SIL	E4	SIL	1	11	2	S	110	0	9	3.7	7	6	NA	2.583333333	NA	NA	17	2	2.666666667	5.666666667	2.666666667	NA	14	5.366666667	8.833333333	4.5	0.905666667	21	0	5	0	16.66666667	0	1	1.7	6.833333333	0	NA	NA	NA	2	0	10	1.9	0.2	2	0	0	0	0.01	0.1	NA	Average	14	5.366666667	NA
8	NA	west	C3_SIL	C3	SIL	1	10	2	S	125	0	9	3.7	8	7	NA	2.8	NA	NA	8	0.336666667	2	3.5	3.333333333	NA	23	5.15	10.16666667	5.5	0.893666667	16.33333333	0.666666667	15	0	40	0	0.366666667	1.333333333	7.333333333	3.333333333	NA	NA	NA	7	0	10	3.3	0.05	2	0	0	0	0	0.01	maybe_some_individuals_hybrid_with_perfoliatum	Average	23	5.15	NA
9	NA	west	C1_SIL	C1	SIL	1	1	3	N	125	0	9	6.5	6	6	NA	2.95	29.33333333	9	14	2.666666667	2.333333333	4.666666667	5.333333333	NA	NA	NA	7.833333333	4.166666667	0.864666667	6.333333333	0.333333333	5	15	16.66666667	NA	1	2	4.333333333	0	NA	NA	NA	0	0	10	1.9	0.2	1	0	0	0	0	1	response_.5_and_2	Average	29.33333333	9	NA
10	NA	west	C4_SIL	C4	SIL	1	9	3	N	125	0	9	5.5	7	6	NA	3.433333333	20.66666667	6.933333333	11.66666667	4.333333333	2.333333333	15	2.333333333	NA	NA	NA	11.33333333	6	0.937666667	23.66666667	1.5	6.666666667	10	33.33333333	NA	0.5	2	17.33333333	0	NA	nolowerleaves	nolowerleaves	2	0	10	2.3	0.5	2	0.01	0	0	0	0	some_have_hyper_sensitive_responce.	Average	20.66666667	6.933333333	NA
11	NA	west	E2_SIL	E2	SIL	1	10	3	N	120	0	9	4.5	8	6	NA	3.25	NA	NA	13.66666667	0.333333333	0.666666667	0.5	2.333333333	NA	17	5.65	8.5	4.333333333	0.767333333	21	NA	0	0	8.333333333	NA	0.166666667	0.666666667	0.666666667	0.003333333	NA	NA	NA	4	0	10	2.1	0.02	2	0.01	0	0	0.02	0	NA	Average	17	5.65	NA
12	NA	west	E1_SIL	E1	SIL	1	11	3	N	110	0	9	4.6	7	7	NA	3.4	20	7.2	13.66666667	0.033333333	0.666666667	0.166666667	2.333333333	NA	15	5.625	9.5	4.5	0.789333333	20.66666667	NA	1.666666667	0	15	NA	0	0	0	0.006666667	NA	NA	NA	7	0	10	3.1	0	0	0	0	0	0.02	0.01	NA	Average	17.5	6.4125	NA
13	NA	west	E3_SIL	E3	SIL	2	11	4	N	115	0	9	4.9	6	6	NA	1.366666667	13.5	6.25	9.333333333	0.066666667	1.333333333	0.033333333	4	NA	14	5.275	8	3.333333333	0.858333333	21.66666667	NA	3.333333333	0	26.66666667	NA	0	0	0	0	NA	NA	NA	5	0	9	3.5	0.01	2	0	0	0	0.02	0.02	NA	Average	13.75	5.7625	NA
14	NA	west	W3_SIL	W3	SIL	2	10	5	S	115	0	9	6.5	4	5	NA	1.766666667	23.66666667	5.833333333	9.666666667	2.666666667	2.333333333	5.666666667	6.666666667	NA	NA	NA	9.166666667	3.5	0.876666667	5	NA	26.66666667	3.333333333	23.33333333	NA	0.666666667	2	1.666666667	0.233333333	NA	NA	NA	2	0	10	2.1	0.02	2	0	0	0	0	0.02	NA	Average	23.66666667	5.833333333	NA
15	NA	west	C4_SIL	C4	SIL	2	8	5	S	130	0	9	5.2	6	6	NA	1.933333333	19	6.675	9.666666667	2.666666667	2.333333333	15	3.666666667	NA	19	6.05	9.166666667	4.833333333	0.78	22.33333333	NA	10	0	20	NA	0.533333333	2	18.33333333	0	NA	NA	NA	2	0	10	2	0.2	2	0	0	0	0	0	NA	Average	19	6.3625	NA
16	NA	west	E4_SIL	E4	SIL	2	6	5	S	110	1	8	4.5	5	5	NA	1.4	12	6.2	15	7	3	10.66666667	5.333333333	NA	14	5.5	9	3.5	0.915	7.666666667	NA	20	0	40	NA	1.666666667	2.333333333	15	0	NA	NA	NA	1	1	10	1.9	0.01	2	0	0	0	0.01	0.02	NA	Average	13	5.85	NA
17	NA	west	W2_SIL	W2	SIL	2	3	5	S	125	0	9	7	6	6	NA	2.1	36	8.183333333	8.666666667	8.333333333	3.333333333	3	7	NA	NA	NA	8.5	3.833333333	0.894333333	6.333333333	NA	26.66666667	10	53.33333333	NA	2.166666667	2.666666667	3	0.533333333	NA	NA	NA	1	0	9	1.9	0.02	2	0	0.01	0	0	0	NA	Average	36	8.183333333	NA
18	NA	west	C2_SIL	C2	SIL	2	1	6	N	135	0	9	4.7	8	7	NA	2.816666667	18	6.425	8.666666667	1.033333333	2	5.2	1.666666667	NA	23	6.2	9.5	5.333333333	0.884333333	14	NA	6.666666667	5	40	NA	0.066666667	1.333333333	5.033333333	1.666666667	NA	NA	NA	5	0	10	3.1	0.02	2	0	0	0	0.02	0	NA	Average	20.5	6.3125	NA
19	NA	west	E1_SIL	E1	SIL	2	2	6	N	120	0	9	4.5	7	7	NA	2.083333333	19	7.3	11.66666667	0.666666667	0.166666667	0.666666667	5.333333333	NA	13.5	4.925	9.166666667	4	0.837333333	16.33333333	NA	6.666666667	0	13.33333333	NA	0.166666667	0.666666667	0.033333333	0.666666667	NA	NA	NA	6	0	10	3.7	0.01	2	0	0	0	0.1	0	NA	Average	16.25	6.1125	NA
20	NA	west	E2_SIL	E2	SIL	2	5	6	N	120	0	9	4.3	7	6	NA	1.766666667	16	6.55	14	0.703333333	1.833333333	3.333333333	2	NA	16	4.7	10.66666667	4.75	0.766	12	NA	16.66666667	1.666666667	56.66666667	NA	0.75	2	5.5	0.3	NA	NA	NA	4	0	9	2.5	0.01	2	0	0	0	0.2	0	NA	Average	16	5.625	NA
21	NA	west	C3_SIL	C3	SIL	2	6	6	N	130	0	9	4	7	7	NA	2.166666667	18	5.3	8.666666667	1.35	2	8.333333333	4	NA	23	4.7	9.5	5.333333333	0.800666667	19.33333333	NA	1.666666667	0	36.66666667	NA	0.533333333	2	5.666666667	2.5	NA	NA	NA	9	0	10	3.9	0.01	2	0	0	0	0.1	0	NA	Average	20.5	5	NA
22	NA	west	C1_SIL	C1	SIL	2	7	6	N	120	1	8	6.7	5	5	NA	1.85	24	6	12.66666667	21.66666667	3	23.33333333	5.333333333	NA	NA	NA	9.166666667	4.5	0.994333333	6	NA	23.33333333	28.33333333	60	NA	2.333333333	2.666666667	24	0.1	NA	NA	NA	0	0	10	1.8	0.2	2	0	0.2	0	0.01	0.01	NA	Average	24	6	NA
23	NA	west	W4_SIL	W4	SIL	2	9	6	N	120	0	9	6.3	4	5	NA	1.933333333	33	8.375	8.333333333	4	2.166666667	3.666666667	7.333333333	NA	NA	6.75	9.666666667	3.5	0.895333333	5.666666667	NA	41.66666667	8.333333333	45	NA	0.5	2	1.333333333	3.5	NA	NA	NA	1	0	8	1.8	0.01	2	0	0.5	0	0	0.2	NA	Average	33	7.5625	NA
24	NA	west	W1_SIL	W1	SIL	2	10	6	N	130	0	9	6.5	6	6	NA	2.5	27.33333333	7.983333333	9	4	3	1.666666667	5.666666667	NA	NA	NA	10.16666667	4.5	0.773333333	5.333333333	NA	20	25	28.33333333	NA	1.666666667	2.333333333	1	3.833333333	NA	NA	NA	0	0	9	0.8	0.02	2	0	0	0	0	0.1	NA	Average	27.33333333	7.983333333	NA
25	NA	west	E3_SIL	E3	SIL	3	4	7	N	130	0	9	4.7	6	6	NA	2.516666667	15.5	6.3	18.33333333	0.7	1.666666667	3.333333333	4.333333333	NA	12	5.5	9.833333333	4	0.807	27	NA	1.666666667	0	13.33333333	NA	0.066666667	1.333333333	4	4.033333333	NA	NA	NA	4	0	10	2.3	0.05	2	0	0	0	0.1	0.01	NA	Average	13.75	5.9	NA
26	NA	west	W4_SIL	W4	SIL	3	7	7	N	130	1	8	5.7	5	6	NA	3.266666667	32	8.275	8.333333333	16.66666667	2.666666667	5.666666667	6	NA	28	5.45	11.75	4.25	0.7685	7.666666667	NA	13.33333333	5	60	NA	3	2.333333333	3.666666667	0.25	NA	NA	NA	2	1	9	1.9	0.1	2	3	0	0	0	0	NA	Average	30	6.8625	NA
27	NA	west	W2_SIL	W2	SIL	3	9	7	N	135	1	8	5.9	6	6	NA	2.883333333	26	7.783333333	8.333333333	5.666666667	2.666666667	1.666666667	4.666666667	NA	NA	NA	10	4.666666667	0.814333333	7	NA	23.33333333	10	36.66666667	NA	1.166666667	2	1.333333333	2.166666667	NA	NA	NA	1	1	10	1.9	0.02	2	0	0.05	0	0	0	NA	Average	26	7.783333333	NA
28	NA	west	E4_SIL	E4	SIL	3	12	7	N	125	0	9	4.7	6	7	NA	2.1	14.66666667	6.283333333	13	0.666666667	2.333333333	7.333333333	2.666666667	NA	NA	NA	9.166666667	4.666666667	0.905333333	14.66666667	NA	8.333333333	0	6.666666667	NA	0.366666667	2	4.666666667	0.5	NA	NA	NA	3	0	10	1.9	0.02	2	0	0	0	0.05	0	NA	Average	14.66666667	6.283333333	NA
29	NA	west	E2_SIL	E2	SIL	3	10	8	S	135	0	9	5.5	7	7	NA	2.316666667	18.66666667	6.166666667	14.33333333	1.003333333	1.666666667	2	2.333333333	NA	NA	NA	9.666666667	3.666666667	0.676333333	18.33333333	NA	6.666666667	0	30	NA	0.366666667	1.333333333	0.666666667	0.366666667	NA	NA	NA	6	0	10	2.9	0.05	2	0.01	0	0	0	0	NA	Average	18.66666667	6.166666667	NA
30	NA	west	C4_SIL	C4	SIL	3	7	8	S	140	0	9	4.5	6	6	NA	2.65	NA	NA	10.33333333	10	2.333333333	30	2	NA	18.66666667	6.116666667	9.833333333	5.333333333	0.848	21.33333333	NA	13.33333333	6.666666667	13.33333333	NA	0.233333333	2	15	0	NA	NA	NA	4	0	10	2.5	0.2	2	0.02	0	0	0	0	NA	Average	18.66666667	6.116666667	NA
31	NA	west	W1_SIL	W1	SIL	3	5	8	S	140	2	6	5.5	4	5	NA	2.433333333	25.66666667	8.733333333	12	10.01666667	2.666666667	8.333333333	5	NA	NA	NA	8.666666667	3.833333333	0.800666667	7	NA	30	5	53.33333333	NA	2.333333333	1.333333333	6.666666667	15.66666667	NA	NA	NA	1	0	7	1.7	0.2	2	0	0.02	0	0	0.05	NA	Average	25.66666667	8.733333333	NA
32	NA	west	E1_SIL	E1	SIL	3	3	8	S	135	0	9	5.9	7	7	NA	1.933333333	NA	NA	18.33333333	0.166666667	0.666666667	0.666666667	2.666666667	NA	13	4.55	9.166666667	4.5	0.728333333	9.666666667	NA	1.666666667	0	33.33333333	NA	0.166666667	0.666666667	0.666666667	0.333333333	NA	NA	NA	6	0	10	2.9	0.02	2	0	0	0	0	0	NA	Average	13	4.55	NA
33	NA	west	C3_SIL	C3	SIL	3	2	9	N	140	0	9	4	7	7	NA	2.433333333	NA	NA	11.66666667	1.003333333	1.5	8.666666667	2	NA	19.66666667	6.35	9.5	4.5	0.893333333	22	NA	1.666666667	10	20	NA	0.503333333	1.666666667	10.16666667	0.366666667	NA	NA	NA	5	0	10	2.5	0.01	2	0	0	0	0	0	NA	Average	19.66666667	6.35	NA
34	NA	west	C1_SIL	C1	SIL	3	3	9	N	130	0	8	6.3	4	6	NA	1.616666667	25	7.15	11.66666667	23.33333333	2.666666667	25	2.333333333	NA	NA	NA	8.5	4	0.862	2.333333333	NA	25	5	78.33333333	NA	2.666666667	3	16.66666667	0.833333333	NA	NA	NA	1	0	10	1.9	0.2	2	0	0.02	0	0	0	NA	Average	25	7.15	NA
35	NA	west	C2_SIL	C2	SIL	3	7	9	N	150	1	8	4	8	8	NA	2.516666667	NA	NA	8.333333333	5.333333333	0.833333333	7.333333333	1	NA	22.66666667	5.15	9.666666667	5.833333333	0.904	23	NA	5	0	13.33333333	NA	0.7	1	3.666666667	5.2	NA	NA	NA	4	0	10	3.1	1	2	0.01	0	0	0	0	NA	Average	22.66666667	5.15	NA
36	NA	west	W3_SIL	W3	SIL	3	10	9	N	135	0	9	6.1	5	6	NA	2.1	28.66666667	9.283333333	12.33333333	4.033333333	2.333333333	2.166666667	6.666666667	NA	NA	NA	9.666666667	3.5	0.743	6.666666667	NA	16.66666667	33.33333333	55	NA	1	2	1.333333333	5.166666667	NA	NA	NA	3	0	6	2.3	0.02	2	0.05	0.5	0.2	0.1	0.1	NA	Average	28.66666667	9.283333333	NA
37	NA	west	W4_SIL	W4	SIL	4	1	10	N	130	0	9	6	6	5	NA	2.166666667	35	7.75	10	3	2.333333333	2.333333333	4.333333333	NA	29	7.35	9.333333333	3.166666667	0.680333333	4.333333333	NA	10	0	60	NA	1	2	2.666666667	0.733333333	NA	NA	NA	2	0	7	1.7	0.05	2	0	0.01	0	0	0	NA	Average	32	7.55	NA
38	NA	west	C2_SIL	C2	SIL	4	11	11	S	145	0	9	4.7	8	7	NA	2.983333333	22.5	6.8	14.66666667	0.083333333	1.666666667	0.533333333	1.666666667	NA	NA	NA	11.66666667	7.5	0.848666667	21.33333333	NA	5	0	11.66666667	NA	0.066666667	1	0.2	0.733333333	NA	NA	NA	3	0	9	1.9	0.05	2	0	0	0	0	0	NA	Average	22.5	6.8	NA
39	NA	west	C3_SIL	C3	SIL	4	9	11	S	150	0	9	4.5	8	7	NA	3.083333333	17	6.7	11	0.203333333	1.666666667	0.7	4.666666667	NA	25.5	5.75	12.5	6.333333333	0.826	31.66666667	NA	5	6.666666667	6.666666667	NA	0.1	2	1.5	0.4	NA	NA	NA	8	0	10	2.7	0.01	2	0	0	0	0	0	NA	Average	21.25	6.225	NA
40	NA	west	C4_SIL	C4	SIL	4	7	11	S	130	0	9	4.5	5	6	NA	2.366666667	27	6.55	6.666666667	4	2	23.33333333	2.333333333	NA	20	5.25	10.25	5	0.733	8	NA	0	5	17.5	NA	0.5	2	35	7.5	NA	NA	NA	5	0	10	3.7	1	2	0.01	0.01	0	0	0.05	NA	Average	23.5	5.9	NA
41	NA	west	W3_SIL	W3	SIL	4	5	11	S	130	0	9	5.7	5	5	NA	2.95	27.33333333	8.65	9.333333333	8.333333333	2.666666667	4	7.333333333	NA	NA	NA	9.833333333	4.5	0.648333333	8.333333333	NA	33.33333333	26.66666667	50	NA	4.166666667	2.333333333	11.66666667	5.166666667	NA	NA	NA	2	0	5	1.5	1	2	0	2	0	0	0.05	NA	Average	27.33333333	8.65	NA
42	NA	west	W2_SIL	W2	SIL	4	4	11	S	120	0	9	5	5	5	NA	2.25	27.5	7.875	5.333333333	11.66666667	2.666666667	4	5.333333333	NA	NA	NA	9.666666667	3.666666667	0.947	4.666666667	NA	56.66666667	3.333333333	76.66666667	NA	3	2.333333333	3.666666667	11.66666667	NA	NA	NA	0	0	5	1.5	0	0	0	1	0	0	0.1	NA	Average	27.5	7.875	NA
43	NA	west	E3_SIL	E3	SIL	4	2	11	S	125	0	9	5.3	7	6	NA	1.983333333	NA	NA	17.33333333	0.183333333	1.333333333	2.333333333	6.333333333	NA	17	4.575	8.166666667	2.666666667	0.663	13.66666667	NA	0	0	31.66666667	NA	0.366666667	1.333333333	2	0.833333333	NA	NA	NA	7	0	10	3.3	0	0	0	0	0	0.1	0	NA	Average	17	4.575	NA
44	NA	west	E4_SIL	E4	SIL	4	2	12	N	115	0	9	4.7	5	6	NA	1.75	NA	NA	13.66666667	1	2	26.66666667	4.333333333	NA	17	4.316666667	8.333333333	3.333333333	0.865666667	12	NA	5	0	31.66666667	NA	1.333333333	2	21.66666667	0.033333333	NA	NA	NA	1	0	10	1.9	0.5	2	0	0	0	0	0	NA	Average	17	4.316666667	NA
45	NA	west	E1_SIL	E1	SIL	4	3	12	N	125	0	9	5.7	6	6	NA	1.966666667	18.5	6.85	20.66666667	0.333333333	0.666666667	0.333333333	3.666666667	NA	13	5.6	9.666666667	4.166666667	0.664	20.66666667	NA	10	0	20	NA	0.333333333	0.666666667	0.666666667	5.366666667	NA	NA	NA	5	0	10	2.1	0.01	2	0	0	0	0	0	NA	Average	15.75	6.225	NA
46	NA	west	C1_SIL	C1	SIL	4	4	12	N	130	2	7	6.5	4	4	NA	2.166666667	35	8.175	13.66666667	5.666666667	2.333333333	20.33333333	5.666666667	NA	NA	NA	8.75	5.75	0.646	6.666666667	NA	35	15	50	NA	5	2.5	2	5	NA	NA	NA	0	1	7	1.7	0.02	2	0	2	0	0	0	NA	Average	35	8.175	NA
47	NA	west	W1_SIL	W1	SIL	4	6	12	N	135	0	9	6.5	6	5	NA	2.233333333	NA	NA	6	5	2.666666667	3.366666667	7.666666667	NA	20	5.45	10.33333333	3.833333333	0.770333333	2.666666667	NA	76.66666667	16.66666667	80	NA	1.333333333	2	2.666666667	6.666666667	NA	NA	NA	1	0	5	1.5	1	2	0	1	0	0	0.5	NA	Average	20	5.45	NA
48	NA	west	E2_SIL	E2	SIL	4	7	12	N	115	0	9	4.5	6	6	NA	1.633333333	20	NA	12.33333333	6.333333333	2.333333333	15.66666667	1.333333333	NA	14.33333333	6.766666667	11.33333333	5.5	0.696	9.666666667	NA	11.66666667	0	33.33333333	NA	1.5	2.333333333	15.33333333	0.866666667	NA	NA	NA	6	0	10	2.3	0.05	2	0	0	0	0	0	NA	Average	17.16666667	6.766666667	NA
49	NA	west	W1_SIL	W1	SIL	5	1	13	N	120	0	9	5.5	5	4	NA	2.23	25.5	8.825	11.33333333	4	2.333333333	15	5.333333333	NA	NA	6.05	7.75	4.5	0.749333333	4.666666667	NA	43.33333333	3.333333333	63.33333333	NA	3	2	21.66666667	1.166666667	NA	NA	NA	0	0	9	1.9	0.02	2	0	0	0	0	0.01	NA	Average	25.5	7.4375	NA
50	NA	west	C4_SIL	C4	SIL	5	2	13	N	130	1	8	4.3	6	5	NA	2.6	21	7.225	14.66666667	1.666666667	2	18.33333333	1.333333333	NA	23	5.35	NA	NA	0.898333333	8.333333333	NA	3.333333333	5	43.33333333	NA	0.666666667	2	20	0.166666667	NA	mid.pointleavesalllost	mid.pointleavesalllost	3	0	10	2.1	0.1	2	0	0	0	0	0	NA	Average	22	6.2875	NA
51	NA	west	W3_SIL	W3	SIL	5	6	13	N	130	0	8	6	5	5	NA	2.133333333	29	7.75	9.666666667	4.666666667	2.666666667	7	7.666666667	NA	NA	NA	10.33333333	3.5	0.669666667	5.666666667	NA	20	5	53.33333333	NA	1.166666667	2	4.333333333	5.666666667	NA	NA	NA	0	0	7	1.5	0.1	2	0	0	0	0	0	NA	Average	29	7.75	NA
52	NA	west	C3_SIL	C3	SIL	5	9	13	N	145	0	9	4.5	8	7	NA	2.4	18	7.25	12.33333333	0.383333333	2	8.333333333	3.333333333	NA	15.5	4.975	11.33333333	5	0.755	16.66666667	NA	6.666666667	0	15	NA	0.333333333	1.333333333	12	3.666666667	NA	NA	NA	7	0	10	2.5	0.1	2	0	0	0	0.2	0	NA	Average	16.75	6.1125	NA
53	NA	west	C2_SIL	C2	SIL	5	11	13	N	140	0	9	4.3	7	7	NA	2.7	23	7.15	7.333333333	2.166666667	2.333333333	30	0.333333333	NA	26	6.375	12.66666667	7.5	0.819	22	NA	11.66666667	0	8.333333333	NA	0.866666667	3	15.66666667	0.333333333	NA	NA	NA	4	0	10	3.1	1	2	0	0	0	0	0	NA	Average	24.5	6.7625	NA
54	NA	west	E4_SIL	E4	SIL	5	12	13	N	130	0	9	5	8	7	NA	1.883333333	17	6.475	12.33333333	0	0	0.166666667	1.333333333	NA	17	6.2	10.16666667	4.666666667	0.628666667	26.33333333	NA	5	0	5	NA	0	0	0.033333333	5.033333333	NA	NA	NA	3	0	7	2	0	0	0	0	0	1	0	NA	Average	17	6.3375	NA
55	NA	west	W4_SIL	W4	SIL	5	12	14	S	135	0	9	5.7	6	6	NA	1.783333333	28.5	8.05	6.666666667	4	2.666666667	4.166666667	5	NA	NA	NA	8.5	4	0.669	4	NA	13.33333333	5	58.33333333	NA	3.5	2.333333333	2.5	11.83333333	NA	NA	NA	1	0	7	1.8	0.01	2	0	0	0	0	0	NA	Average	28.5	8.05	NA
56	NA	west	C1_SIL	C1	SIL	5	10	14	S	110	2	7	6	3	4	NA	1.483333333	25	6.2	9.666666667	18.33333333	2.666666667	35	3	NA	26	6.35	9	4	0.841666667	2.333333333	NA	33.33333333	0	75	NA	4	2	25	1	NA	NA	NA	0	2	9	1.9	0.5	2	0	0	0	0	0	NA	Average	25.5	6.275	NA
57	NA	west	E2_SIL	E2	SIL	5	8	14	S	120	0	9	4.7	6	6	NA	1.8	14	6.2	14.66666667	1	2	7.333333333	3	NA	15	6.9	11.25	4.5	0.703333333	16.66666667	NA	6.666666667	0	30	NA	0.833333333	2	10.66666667	2.333333333	NA	NA	NA	5	0	10	2.7	0.02	2	0	0	0	0.05	0	NA	Average	14.5	6.55	NA
58	NA	west	E3_SIL	E3	SIL	5	2	15	N	125	0	9	5	6	5	NA	1.783333333	14.5	6.85	14	0.2	1.333333333	0.033333333	3.333333333	NA	15	5.3	10.16666667	4.666666667	0.69	19.66666667	NA	15	0	30	NA	0.333333333	1.333333333	0.333333333	10	NA	NA	NA	3	0	10	1.9	0	0	0	0	0	0	0	NA	Average	14.75	6.075	NA
59	NA	west	E1_SIL	E1	SIL	5	7	15	N	130	0	9	5.9	6	6	NA	2.2	19.66666667	6.766666667	13.33333333	0.333333333	1.333333333	0.333333333	5	NA	NA	NA	10	4.5	0.632333333	25.33333333	NA	3.333333333	0	6.666666667	NA	0.333333333	1.333333333	0.666666667	16.66666667	NA	NA	NA	7	0	10	3.7	0	0	0	0	0	0	0	NA	Average	19.66666667	6.766666667	NA
60	NA	west	W2_SIL	W2	SIL	5	12	15	N	105	1	8	5.5	3	4	NA	1.833333333	NA	NA	3.333333333	5.666666667	2.333333333	18.33333333	5	NA	19.33333333	5.5	9.5	3	0.7475	2.333333333	NA	20	0	66.66666667	NA	2.333333333	2	16.66666667	28.33333333	NA	NA	NA	0	0	5	1.5	0.02	2	0	0	0	0	0	NA	Average	19.33333333	5.5	NA
61	NA	central	W3_SIL	W3	SIL	1	2	1	S	90	1	8	6	3	3	NA	2.05	24.33333333	7.6	3.666666667	0	0	0	1	NA	NA	NA	9.333333333	4.666666667	0.855	8.333333333	NA	40	1.666666667	5	NA	0	0	0	38.33333333	NA	NA	NA	0	1	4	1.4	0	0	0	0.1	0	0	0	NA	Average	24.33333333	7.6	NA
62	NA	central	W4_SIL	W4	SIL	1	9	1	S	125	0	9	5.5	5	5	NA	2.466666667	37.33333333	9.65	3.666666667	0	0	0	2	NA	NA	9.05	8.5	3.666666667	0.797333333	10.33333333	NA	30	3.333333333	3.333333333	NA	0	0	0	36.66666667	NA	NA	NA	0	0	4	1.4	0	0	0	0	0	0	0	NA	Average	37.33333333	9.35	NA
63	NA	central	C3_SIL	C3	SIL	1	11	2	N	125	0	9	3.9	6	6	NA	3.016666667	NA	NA	5.333333333	0	0	0	2.333333333	NA	26.66666667	5.816666667	9	5.5	0.973	47	NA	3.333333333	10	5	NA	0	0	0	0.366666667	NA	NA	NA	0	0	5	1.5	0	0	0	0	0	0	0	NA	Average	26.66666667	5.816666667	NA
64	NA	central	W1_SIL	W1	SIL	1	6	2	N	110	1	8	5.7	3	3	NA	2.35	24	9.5	1.333333333	0	0	0	0.333333333	NA	23.5	6.75	8.5	4	0.737	4.333333333	NA	26.66666667	3.333333333	5	NA	0	0	0	76.66666667	NA	NA	NA	0	0	3	1.3	0	0	0	0	0	0	0	NA	Average	23.75	8.125	NA
65	NA	central	C1_SIL	C1	SIL	1	5	2	N	115	1	8	6.3	5	5	NA	2.45	35	7.75	5.333333333	0	0	0	0.666666667	NA	NA	NA	8.333333333	4.333333333	0.971	14.33333333	NA	20	5	6.666666667	NA	0	0	0	36.66666667	NA	NA	NA	0	1	4	1.4	0	0	0	0	0	0	0	NA	Average	35	7.75	NA
66	NA	central	E1_SIL	E1	SIL	1	4	2	N	105	0	9	4.7	6	6	NA	2.033333333	14	5.7	8	0	0	0	2	NA	18	5.6	9.333333333	4	0.887666667	27	NA	13.33333333	0	5	NA	0	0	0	1.7	NA	NA	NA	0	0	5	1.5	0	0	0	0	0	0	0	NA	Average	16	5.65	NA
67	NA	central	C4_SIL	C4	SIL	1	3	2	N	125	1	8	4.5	6	6	NA	2.633333333	24	7.5	6.333333333	0	0	0	2.666666667	NA	20	6.15	9.166666667	4.833333333	1.026333333	26.33333333	NA	3.333333333	1.666666667	5	NA	0	0	0	3.833333333	NA	NA	NA	0	1	6	1.6	0	0	0	0	0	0	0	NA	Average	22	6.825	NA
68	NA	central	W2_SIL	W2	SIL	1	3	3	S	90	0	9	4.9	3	3	NA	2.233333333	25	9.9	1.333333333	0	0	0	1.666666667	NA	34	7.35	9.75	4	0.918666667	7	NA	46.66666667	3.333333333	5	NA	0	0	0	48.33333333	NA	NA	NA	0	0	3	1.3	0	0	0	0.01	0	0	0	NA	Average	29.5	8.625	NA
69	NA	central	E2_SIL	E2	SIL	1	7	3	S	105	0	9	4.3	6	6	NA	2.366666667	13	6.6	6.666666667	0	0	0	1.666666667	NA	14.5	6.1	8.833333333	5.333333333	0.858333333	40	NA	6.666666667	0	5	NA	0	0	0	2.333333333	NA	NA	NA	0	0	5	1.5	0	0	0	0	0	0	0	NA	Average	13.75	6.35	NA
70	NA	central	E3_SIL	E3	SIL	1	9	3	S	115	1	8	3.9	5	5	NA	1.8	NA	NA	6.666666667	0	0	0	1.666666667	NA	14	5.6	8.833333333	4	0.837333333	33.66666667	NA	3.333333333	0	3.333333333	NA	0	0	0	0.033333333	NA	NA	NA	0	1	5	1.5	0	0	0	0	0	0	0	NA	Average	14	5.6	NA
71	NA	central	E4_SIL	E4	SIL	1	9	4	N	115	0	9	4	5	5	NA	2.15	14	NA	7.333333333	0	0	0	2.333333333	NA	17	5.45	8.833333333	3.666666667	0.846333333	22.33333333	NA	11.66666667	0	5	NA	0	0	0	0.033333333	NA	NA	NA	0	0	5	1.5	0	0	0	0	0	0	0	NA	Average	15.5	5.45	NA
72	NA	central	C2_SIL	C2	SIL	1	1	4	N	115	0	9	3.7	5	5	NA	2.666666667	NA	NA	4.666666667	0	0	0	1	NA	20	6.55	9	5	0.948666667	29.66666667	NA	3.333333333	5	5	NA	0	0	0	4.166666667	NA	NA	NA	0	0	6	1.5	0	0	0	0	0	0	0	NA	Average	20	6.55	NA
73	NA	central	C2_SIL	C2	SIL	2	2	5	S	110	1	8	3.7	4	4	NA	2.25	NA	NA	6	0	0	0	0.666666667	NA	18.66666667	6.366666667	7.666666667	4.166666667	0.964333333	21.66666667	NA	11.66666667	1.666666667	5	NA	0	0	0	11.66666667	NA	NA	NA	0	0	4	1.5	0	0	0	0	0	0	0	NA	Average	18.66666667	6.366666667	NA
74	NA	central	W4_SIL	W4	SIL	2	3	5	S	100	0	9	5	3	3	NA	2.016666667	NA	NA	1.666666667	0	0	0	3.333333333	NA	16	6.5	8	3.333333333	0.815333333	3	NA	40	0	3.333333333	NA	0	0	0	18.33333333	NA	NA	NA	0	0	4	1.3	0	0	0	1	0	0	0	NA	Average	16	6.5	NA
75	NA	central	W2_SIL	W2	SIL	2	5	5	S	65	1	8	3.3	2	2	NA	2	23	5.95	1	0	0	0	0	NA	23.5	6.75	9.166666667	4.8	0.861	5	NA	30	3.333333333	18.33333333	NA	0	0	0	30	NA	NA	NA	NA	NA	NA	NA	NA	NA	NA	NA	NA	NA	NA	NA	Average	23.25	6.35	NA
76	NA	central	E4_SIL	E4	SIL	2	9	5	S	105	0	9	3.7	5	5	NA	2.016666667	NA	NA	6	NA	NA	NA	2.333333333	NA	14	6.066666667	7.666666667	3.333333333	0.799	23.33333333	NA	5	1.666666667	8.333333333	NA	0	0	0	0.2	NA	NA	NA	0	0	4	1.4	0	0	0	0	0	0	0	NA	Average	14	6.066666667	NA
77	NA	central	C3_SIL	C3	SIL	2	3	6	N	110	0	9	3.5	5	5	NA	2.366666667	NA	NA	5.666666667	0	0	0	1.333333333	NA	17.66666667	5.433333333	7	3.7	0.879	25	NA	8.333333333	0	10	NA	0	0	0	0.366666667	NA	NA	NA	0	0	5	1.5	0	0	0	0	0	0	0	NA	Average	17.66666667	5.433333333	NA
78	NA	central	E3_SIL	E3	SIL	2	5	7	S	120	0	9	3.9	6	6	NA	2.516666667	NA	NA	5	0	0	0	1.666666667	NA	14.66666667	6.033333333	8.333333333	4.666666667	0.818666667	46	NA	1.666666667	0	15	NA	0	0	0	1.7	NA	drybloctchsymptom-easternanscentral	drybloctchsymptom-easternanscentral	1	0	5	1.5	0	0	0	0	0	0	0	NA	Average	14.66666667	6.033333333	NA
79	NA	central	E1_SIL	E1	SIL	2	9	7	S	125	1	8	4.3	6	6	NA	2.35	17	5.425	7.333333333	0	0	0	1.333333333	NA	16	5.7	10.83333333	4.833333333	0.797666667	67.66666667	NA	13.33333333	6.666666667	16.66666667	NA	0	0	0	10	NA	NA	NA	0	1	6	1.7	0	0	0	0	0	0	0	NA	Average	16.5	5.5625	NA
80	NA	central	C1_SIL	C1	SIL	2	11	7	S	120	1	8	6	6	6	NA	2.633333333	30.33333333	7.95	7.666666667	0	0	0	1	NA	NA	NA	8.666666667	3.5	0.928	14	NA	16.66666667	23.33333333	23.33333333	NA	0	0	0	27.33333333	NA	lodging	lodging	0	0	6	1.5	0	0	0	0	0	0	0	NA	Average	30.33333333	7.95	NA
81	NA	central	W3_SIL	W3	SIL	2	10	8	N	95	3	5	5.5	2	2	NA	2.4	37	9.1	1.666666667	0	0	0	0.666666667	NA	NA	6.5	10.33333333	4.5	0.867333333	5	NA	66.66666667	6.666666667	15	NA	0	0	0	33.33333333	NA	NA	NA	0	0	2	1.3	0	0	0	0.01	0	0	0	NA	Average	37	7.8	NA
82	NA	central	C4_SIL	C4	SIL	2	8	8	N	145	0	9	6.3	7	7	NA	2.483333333	23	6.85	6.333333333	0	0	0	1.666666667	NA	18	6	8.666666667	4.666666667	0.931666667	25	NA	5	1.666666667	18.33333333	NA	0	0	0	6.666666667	NA	NA	NA	0	0	6	1.5	0	0	0	0	0	0	0	NA	Average	20.5	6.425	NA
83	NA	central	W1_SIL	W1	SIL	2	4	8	N	115	0	9	5.5	3	3	NA	2.333333333	26.5	9.125	1.666666667	0	0	0	0.333333333	NA	NA	8.75	9.25	4.75	0.8655	10.66666667	NA	20	0	0	NA	0	0	0	83.33333333	NA	leafherbiovrydifficultduetodisease	leafherbiovrydifficultduetodisease	0	0	4	1.3	0	0	0	0.1	0	0	0	NA	Average	26.5	8.9375	NA
84	NA	central	E2_SIL	E2	SIL	2	2	8	N	120	0	9	4.3	6	6	NA	2.7	NA	NA	8	NA	NA	NA	3	NA	15.33333333	6.05	8.666666667	4.166666667	0.870333333	60.66666667	NA	5	0	8.333333333	NA	0	0	0	1.833333333	NA	NA	NA	0	0	6	1.5	0	0	0	0	0	0	0	NA	Average	15.33333333	6.05	NA
85	NA	central	E4_SIL	E4	SIL	3	11	10	N	130	0	9	4.7	6	6	NA	2.216666667	16.5	5.8	9.666666667	0	0	0	1	NA	19	5.975	8.333333333	3.5	0.901333333	59.33333333	NA	8.333333333	0	6.666666667	NA	0	0	0	0.7	NA	NA	NA	0	0	5	1.5	0	0	0	0	0	0	0	NA	Average	17.75	5.8875	NA
86	NA	central	C4_SIL	C4	SIL	3	10	10	N	135	1	8	4.7	6	6	NA	3.366666667	25	8	8.666666667	0	0	0	0.666666667	NA	18	6.75	10.66666667	6.333333333	0.946	94.33333333	NA	6.666666667	3.333333333	16.66666667	NA	0	0	0	6.7	NA	NA	NA	0	1	6	1.5	0	0	0	0	0	0	0	NA	Average	21.5	7.375	NA
87	NA	central	W3_SIL	W3	SIL	3	4	10	N	105	3	6	6	2	2	NA	2.15	31	6.85	3.333333333	0	0	0	0.666666667	NA	26	7.15	9.75	4.25	0.730333333	7.666666667	NA	6.666666667	0	7.5	NA	0	0	0	18.33333333	NA	NA	NA	0	2	2	0.9	0	0	0	0.01	0	0	0	NA	Average	28.5	7	NA
88	NA	central	W2_SIL	W2	SIL	3	3	10	N	110	1	8	5.7	2	2	NA	2.283333333	38	9.375	3.666666667	0	0	0	1.333333333	NA	18	6.4	9.5	4.166666667	0.799333333	10.66666667	NA	6.666666667	10	33.33333333	NA	0	0	0	70	NA	NA	NA	0	0	2	0.9	0	0	0	0	0	0	0	NA	Average	28	7.8875	NA
89	NA	central	W4_SIL	W4	SIL	3	1	11	S	115	1	8	4.7	4	4	NA	2.5	31.66666667	8.766666667	3.666666667	0	0	0	0.333333333	NA	NA	NA	9.166666667	4.333333333	0.781	10.33333333	NA	23.33333333	6.666666667	33.33333333	NA	0	0	0	36.66666667	NA	NA	NA	0	0	3	1.3	0	0	0	0	0	0	0	NA	Average	31.66666667	8.766666667	NA
90	NA	central	C3_SIL	C3	SIL	3	2	11	S	120	0	9	3.5	6	6	NA	2.816666667	NA	NA	4.333333333	0	0	0	1.666666667	NA	22.66666667	6.3	7.833333333	4.666666667	0.842666667	40	NA	3.333333333	3.333333333	18.33333333	NA	0	0	0	0.366666667	NA	NA	NA	0	0	4	1.5	0	0	0	0	0	0	0	NA	Average	22.66666667	6.3	NA
91	NA	central	C1_SIL	C1	SIL	3	9	11	S	130	1	8	5.7	6	6	NA	2.183333333	29	7.683333333	8.333333333	0	0	0	2	NA	NA	NA	7.833333333	3.666666667	0.805333333	12.66666667	NA	6.666666667	3.333333333	11.66666667	NA	0	0	0	40	NA	NA	NA	0	1	5	1.4	0	0	0	0	0	0	0	NA	Average	29	7.683333333	NA
92	NA	central	C2_SIL	C2	SIL	3	10	11	S	135	0	9	3.9	7	7	NA	3.583333333	26	6.5	5.333333333	0	0	0	0.666666667	NA	24	6.3	10.66666667	5.833333333	0.950333333	42.33333333	NA	13.33333333	5	13.33333333	NA	0	0	0	9	NA	NA	NA	0	0	6	1.5	0	0	0	0	0	0	0	NA	Average	25	6.4	NA
93	NA	central	E3_SIL	E3	SIL	3	10	12	N	115	0	9	4.5	5	5	NA	1.9	16.5	5.25	6	0	0	0	1.333333333	NA	12	6.475	7.666666667	3.5	0.81	30.66666667	NA	3.333333333	0	5	NA	0	0	0	0.366666667	NA	NA	NA	0	0	5	1.5	0	0	0	0	0	0	0	NA	Average	14.25	5.8625	NA
94	NA	central	E1_SIL	E1	SIL	3	9	12	N	115	0	9	4.9	5	5	NA	2.216666667	16	5.85	9	0	0	0	1.666666667	NA	NA	5.925	9.333333333	3.833333333	0.806333333	40	NA	13.33333333	1.666666667	6.666666667	NA	0	0	0	1.333333333	NA	NA	NA	0	0	5	1.6	0	0	0	0	0	0	0	NA	Average	16	5.8875	NA
95	NA	central	W1_SIL	W1	SIL	3	7	12	N	105	1	8	6	3	3	NA	2.633333333	27	8.433333333	3.333333333	0	0	0	0	NA	NA	NA	10.5	4.666666667	0.776333333	13.33333333	NA	36.66666667	5	23.33333333	NA	0	0	0	46.66666667	NA	NA	NA	0	1	2	0.9	0	0	0	0.2	0	0	0	NA	Average	27	8.433333333	NA
96	NA	central	E2_SIL	E2	SIL	3	2	12	N	115	0	9	4.7	5	5	NA	2.316666667	17	5.525	9.333333333	0	0	0	3	NA	15	5.3	7.333333333	3.5	0.754666667	32	NA	5	1.666666667	20	NA	0	0	0	2.333333333	NA	NA	NA	0	0	6	1.5	0	0	0	0	0	0	0	NA	Average	16	5.4125	NA
97	NA	central	C4_SIL	C4	SIL	4	1	13	S	155	0	9	4.3	7	7	NA	3.3	23.33333333	7.025	8	0	0	0	1.666666667	NA	NA	6.36	8.666666667	5.166666667	0.944666667	65	NA	13.33333333	1.666666667	20	NA	0	0	0	1.5	NA	NA	NA	0	0	6	1.7	0	0	0	0	0	0	0	NA	Average	23.33333333	6.6925	NA
98	NA	central	E1_SIL	E1	SIL	4	2	13	S	140	0	9	4.5	6	6	NA	2.85	20.5	6.45	10	0	0	0	2	NA	14	7.3	10.33333333	4.5	0.694	66.33333333	NA	20	1.666666667	30	NA	0	0	0	5.333333333	NA	NA	NA	1	0	7	1.7	0	0	0	0	0	0	0	NA	Average	17.25	6.875	NA
99	NA	central	W4_SIL	W4	SIL	4	4	13	S	100	2	7	4.7	3	3	NA	2.033333333	35	7.35	3	0	0	0	2.333333333	NA	27	6	9.5	3.75	0.693333333	5	NA	26.66666667	16.66666667	36.66666667	NA	0	0	0	46.66666667	NA	NA	NA	0	1	3	1.1	0	0	0	0.5	0	0	0	NA	Average	31	6.675	NA
100	NA	central	W2_SIL	W2	SIL	4	5	13	S	75	5	4	4.7	2	2	NA	2.683333333	29	6.45	1	0	0	0	0	NA	27	6.25	9.166666667	4.5	0.713333333	10.33333333	NA	16.66666667	0	36.66666667	NA	0	0	0	50	NA	NA	NA	0	0	2	0.7	0	0	0	0.02	0	0	0	NA	Average	28	6.35	NA
101	NA	central	E2_SIL	E2	SIL	4	7	13	S	140	0	9	4.5	6	6	NA	2.583333333	19	6.7	9	0	0	0	1.333333333	NA	17.5	6.625	7.333333333	3.833333333	0.746	26.33333333	NA	3.333333333	0	18.33333333	NA	0	0	0	0	NA	NA	NA	0	0	6	1.7	0	0	0	0	0	0	0	NA	Average	18.25	6.6625	NA
102	NA	central	C3_SIL	C3	SIL	4	3	14	N	150	0	9	4.5	7	7	NA	2.633333333	NA	NA	9.333333333	0	0	0	2	NA	19	6.183333333	7.666666667	4.833333333	0.889	31	NA	8.333333333	1.666666667	20	NA	0	0	0	0.066666667	NA	NA	NA	1	0	6	1.8	0	0	0	0	0	0	0	NA	Average	19	6.183333333	NA
103	NA	central	E4_SIL	E4	SIL	4	3	15	S	135	0	9	5.5	5	5	NA	2.583333333	18	5.9	11.66666667	0	0	0	2.666666667	NA	16	7.1	10.5	5	0.776	60.66666667	NA	11.66666667	1.666666667	16.66666667	NA	0	0	0	7.333333333	NA	NA	NA	0	0	6	1.6	0	0	0	0	0	0	0	NA	Average	17	6.5	NA
104	NA	central	W1_SIL	W1	SIL	4	5	15	S	110	2	7	5.3	3	3	NA	2.483333333	24.33333333	8.183333333	1.666666667	0	0	0	0.333333333	NA	NA	NA	9.166666667	4.333333333	0.766	11	NA	30	3.333333333	6.666666667	NA	0	0	0	56.66666667	NA	NA	NA	0	2	2	0.9	0	0	0	0.01	0	0	0	NA	Average	24.33333333	8.183333333	NA
105	NA	central	C2_SIL	C2	SIL	4	6	15	S	155	0	9	3.7	7	7	NA	3.116666667	NA	NA	6.666666667	0	0	0	1	NA	16.66666667	6.3	8.333333333	4.666666667	0.942666667	33	NA	3.333333333	1.666666667	13.33333333	NA	0	0	0	28.33333333	NA	NA	NA	0	0	7	1.5	0	0	0	0	0	0	0	NA	Average	16.66666667	6.3	NA
106	NA	central	C1_SIL	C1	SIL	4	9	16	N	125	0	9	6.3	6	6	NA	2.5	35	8.75	5.666666667	0	0	0	2.333333333	NA	NA	NA	9.333333333	4.166666667	0.807666667	14.66666667	NA	36.66666667	5	40	NA	0	0	0	25	NA	NA	NA	0	0	6	1.5	0	0	0	0	0	0	0	NA	Average	35	8.75	NA
107	NA	central	W3_SIL	W3	SIL	4	4	16	N	100	1	7	5.5	3	3	NA	1.766666667	20.5	7.35	4.333333333	0	0	0	1	NA	18	6.65	8.5	3.5	0.779	9.666666667	NA	36.66666667	0	21.66666667	NA	0	0	0	31.66666667	NA	NA	NA	0	1	3	0.9	0	0	0	0.1	0	0	0	NA	Average	19.25	7	NA
108	NA	central	E3_SIL	E3	SIL	4	1	16	N	125	0	9	3.5	5	5	NA	2.076666667	18	7.45	5.333333333	0	0	0	1.333333333	NA	14	5.25	8.166666667	3.666666667	0.708333333	26.66666667	NA	5	0	6.666666667	NA	0	0	0	0	NA	NA	NA	0	0	6	1.5	0	0	0	0	0	0	0	NA	Average	16	6.35	NA
109	NA	central	E3_SIL	E3	SIL	5	3	17	S	120	1	8	4.7	5	5	NA	2.466666667	15	7.35	5.333333333	0	0	0	2	NA	16.5	7.175	7.833333333	4.166666667	0.885	46.66666667	NA	6.666666667	0	8.333333333	NA	0	0	0	0.166666667	NA	NA	NA	0	1	5	1.5	0	0	0	0	0	0	0	NA	Average	15.75	7.2625	NA
110	NA	central	E1_SIL	E1	SIL	5	5	17	S	115	0	9	4.1	5	5	NA	2.25	22	5.85	10	0	0	0	3	NA	13.5	6.925	8.166666667	3.666666667	0.722	33.66666667	NA	8.333333333	0	13.33333333	NA	0	0	0	0.2	NA	NA	NA	0	1	6	1.5	0	0	0	0	0	0	0	NA	Average	17.75	6.3875	NA
111	NA	central	C1_SIL	C1	SIL	5	11	17	S	105	0	7	6	4	4	NA	1.8	26.66666667	8.7	5.333333333	0	0	0	1	NA	NA	7.45	9.5	3.5	0.7	5.666666667	NA	36.66666667	20	5	NA	0	0	0	81.66666667	NA	NA	NA	0	0	4	1.4	0	0	0	0.5	0	0	0	NA	Average	26.66666667	8.075	NA
112	NA	central	C2_SIL	C2	SIL	5	11	18	N	120	0	9	3.5	6	6	NA	2.9	NA	NA	6	0	0	0	1	NA	17.33333333	7.316666667	8.333333333	4.833333333	0.914333333	22.66666667	NA	0	23.33333333	11.66666667	NA	0	0	0	11.66666667	NA	NA	NA	0	0	7	1.6	0	0	0	0	0	0	0	NA	Average	17.33333333	7.316666667	NA
113	NA	central	W2_SIL	W2	SIL	5	9	18	N	90	2	7	5.9	3	3	NA	1.816666667	37	6.425	2.666666667	0	0	0	2.333333333	NA	NA	4.25	8.166666667	3.666666667	0.876	5	NA	46.66666667	20	3.333333333	NA	0	0	0	73.33333333	NA	NA	NA	0	1	3	1.3	0	0	0	0.01	0	0	0	2_maybe_not_planted	Average	37	5.3375	NA
114	NA	central	E2_SIL	E2	SIL	5	5	18	N	95	2	7	4.5	4	4	NA	2.55	17	NA	4	0	0	0	1.333333333	NA	13.33333333	6.333333333	7	4	0.748333333	30.33333333	NA	5	0	15	NA	0	0	0	0.033333333	NA	NA	NA	0	NA	5	1.4	0	0	0	0	0	0	0	NA	Average	15.16666667	6.333333333	NA
115	NA	central	C3_SIL	C3	SIL	5	4	18	N	125	1	7	3.5	5	5	NA	2.65	NA	NA	6	0	0	0	1.666666667	NA	20.66666667	6.35	7.666666667	5	0.816666667	28.66666667	NA	10	0	11.66666667	NA	0	0	0	2.333333333	NA	NA	NA	0	1	5	1.4	0	0	0	0	0	0	0	NA	Average	20.66666667	6.35	NA
116	NA	central	C4_SIL	C4	SIL	5	2	18	N	120	0	9	3.3	5	5	NA	2.266666667	NA	NA	5	0	0	0	2	NA	21	6.25	7.5	4.333333333	0.902666667	21.33333333	NA	5	0	6.666666667	NA	0	0	0	2	NA	NA	NA	0	0	5	1.5	0	0	0	0	0	0	0	NA	Average	21	6.25	NA
117	NA	central	W3_SIL	W3	SIL	5	2	19	S	95	2	7	5.5	3	3	NA	1.683333333	31	8.35	1.666666667	0	0	0	2	NA	17	5.8	7.833333333	4.166666667	0.774	5	NA	40	3.333333333	6.666666667	NA	0	0	0	26.66666667	NA	NA	NA	0	0	3	1.3	0	0	0	0.02	0	0	0	NA	Average	24	7.075	NA
118	NA	central	E4_SIL	E4	SIL	5	4	19	S	100	0	9	4.7	4	4	NA	1.716666667	22	6.5	6	0	0	0	1.333333333	NA	13.5	4.925	6.833333333	3.333333333	0.732	23	NA	5	0	8.333333333	NA	0	0	0	2.333333333	NA	NA	NA	0	0	4	1.4	0	0	0	0	0	0	0	NA	Average	17.75	5.7125	NA
119	NA	central	W4_SIL	W4	SIL	5	9	19	S	95	2	7	4.5	3	3	NA	1.583333333	30	NA	2	0	0	0	3	NA	26	6.25	9.5	4	0.821333333	1.333333333	NA	30	0	17.5	NA	0	0	0	48.33333333	NA	NA	NA	0	0	3	1.3	0	0	0	0.1	0	0	0	NA	Average	28	6.25	NA
120	NA	central	W1_SIL	W1	SIL	5	3	20	N	105	1	7	5.5	3	3	NA	1.783333333	32	7.8	3.333333333	0	0	0	1	NA	24	5.3	NA	NA	0.638	4.666666667	NA	26.66666667	3.333333333	NA	NA	0	0	0	96.66666667	NA	NA	NA	0	2	3	1.3	0	0	0	0.01	0	0	0	avg_response_of_plants_w/_rust	Average	28	6.55	NA
121	NA	east	C2_SIL	C2	SIL	1	1	3	L	180	0	9	4.1	8	8	NA	2.683333333	14	7.5	4.666666667	0.1	2	1	0.333333333	NA	25	6.816666667	10.33333333	6.666666667	0.949333333	46	NA	0	0	11.66666667	NA	0.233333333	2	1.666666667	0.2	NA	NA	NA	0	0	9	1.9	10	"0,4,0,0,4,4,3,0,4"	0	0	0	0	0	NA	Average	19.5	7.158333334	NA
122	NA	east	E2_SIL	E2	SIL	1	1	8	L	140	0	9	4.5	5	5	NA	2.716666667	15.5	6.175	6.666666667	0.233333333	2.333333333	0.533333333	3	NA	19	7.05	9.666666667	5.166666667	0.706666667	36	NA	0	0	6.666666667	NA	0.5	2	0.366666667	0	NA	NA	NA	1	0	8	1.9	15	"2,2,3,3,4,4,3,3,3"	60	0	0	0	0	NA	Average	17.25	6.6125	NA
123	NA	east	C3_SIL	C3	SIL	1	2	6	R	165	0	9	4.5	7	7	NA	2.583333333	NA	NA	6	0.366666667	2	0.533333333	1.666666667	NA	18.66666667	6.85	9.666666667	6	0.915	36	NA	3.333333333	0	23.33333333	NA	0.233333333	2	0.866666667	0.066666667	NA	NA	NA	0	0	8	1.8	2	"2,2,3,2,2,2,3,0,2"	0	0.01	0	0	0	NA	Average	18.66666667	6.85	NA
124	NA	east	E3_SIL	E3	SIL	1	2	5	R	145	0	9	4.9	6	6	NA	2.25	13	5.6	10	0.203333333	2	0.066666667	2.666666667	NA	15.5	6.2	11	4.833333333	0.764333333	28.33333333	NA	0	0	6.666666667	NA	0.233333333	2	0.366666667	0.066666667	NA	NA	NA	1	1	8	1.9	1	"2,2,2,4,NA,0.5,2,2,2"	0	0	0	0	0	NA	Average	14.25	5.9	NA
125	NA	east	W3_SIL	W3	SIL	1	2	4	R	155	0	9	5.7	6	6	NA	2.383333333	27	7.05	5.666666667	0	0.033333333	0	3.333333333	NA	22	7.35	9.333333333	4.333333333	0.690666667	9.666666667	NA	6.666666667	0	16.66666667	NA	0.003333333	0.666666667	0	15.5	NA	NA	NA	0	0	8	1.8	0.5	"1,2,0,2,2,2,2,2,2"	0	0	0	0	0	NA	Average	24.5	7.2	NA
126	NA	east	E4_SIL	E4	SIL	1	3	6	L	135	0	9	4.5	6	6	NA	2.216666667	15	4.85	8.333333333	0.233333333	1.366666667	0.233333333	1.666666667	NA	15	7.55	9.333333333	4.5	0.819	25.66666667	NA	0	0	11.66666667	NA	0.233333333	2	0.233333333	0.2	NA	NA	NA	0	0	7	1.7	25	"2,2,3,4,4,3,4,4,3"	0	0	0	0	0	NA	Average	15	6.2	NA
127	NA	east	W1_SIL	W1	SIL	1	4	7	R	155	0	9	6	7	7	NA	2.666666667	26.33333333	9.333333333	10.66666667	0.04	2	0.4	1.666666667	NA	NA	NA	10.16666667	5	0.655333333	11.33333333	NA	13.33333333	3.333333333	30	NA	0.066666667	1.333333333	0.733333333	1.166666667	NA	NA	NA	0	0	8	1.8	0.5	"2,1,0.5,2,0.5,2,0.5,0.5,1"	0	0	0	0	0	NA	Average	26.33333333	9.333333333	NA
128	NA	east	C1_SIL	C1	SIL	1	4	5	R	155	0	9	5.7	6	6	NA	2.266666667	26	6.8	8.333333333	0.4	2	1.5	2.666666667	NA	24	6.95	11	5.166666667	0.718	15	NA	8.333333333	1.666666667	20	NA	0.533333333	1.5	5.333333333	5.666666667	NA	NA	NA	0	0	7	1.7	1	"2,1,2,2,2,2,2,2,2"	0	0.01	0	0	0	NA	Average	25	6.875	NA
129	NA	east	W4_SIL	W4	SIL	1	4	4	R	140	0	9	5.5	6	6	NA	2.383333333	39	11.45	6.333333333	0.006666667	1	0.2	1.666666667	NA	28.5	9.1	11.5	4.666666667	0.687	5	NA	3.333333333	0	33.33333333	NA	0.036666667	0.666666667	0.066666667	0.833333333	NA	NA	NA	0	0	6	1.5	0.1	"0,2,2,2,2,0,1,2,2"	0	0	0	0	0	NA	Average	33.75	10.275	NA
130	NA	east	E1_SIL	E1	SIL	1	6	4	R	135	0	9	3.5	5	5	NA	2.216666667	NA	NA	12	1	2.333333333	1.033333333	2.333333333	NA	15.66666667	5.483333333	7.833333333	4.166666667	0.766666667	23.66666667	NA	0	0	10	NA	2.333333333	2	3	0.833333333	NA	NA	NA	2	0	8	1.9	15	"3,2,4,4,4,4,3,4,3"	25	0	0	0	0	NA	Average	15.66666667	5.483333333	NA
131	NA	east	C4_SIL	C4	SIL	1	6	3	R	145	0	9	4.5	5	5	NA	2.8	NA	NA	8.333333333	1.166666667	3	5.666666667	1.333333333	NA	24.66666667	6.866666667	8.666666667	5.333333333	0.865	34.66666667	NA	0	8.333333333	8.333333333	NA	4	2	7.333333333	0.533333333	NA	NA	NA	0	0	8	1.7	25	"3,4,4,4,3,4,3,0,4"	0	0	0	0	0	NA	Average	24.66666667	6.866666667	NA
132	NA	east	W2_SIL	W2	SIL	1	6	1	R	150	0	9	5.5	6	6	NA	2.783333333	31.66666667	7.7	8.666666667	0.34	1.166666667	0.233333333	2	NA	NA	NA	10.33333333	5	0.674	13.66666667	NA	5	1.666666667	8.333333333	NA	0.1	1.666666667	0.233333333	4	NA	NA	NA	0	0	8	1.6	0.5	"1,1,1,0,2,2,2,2,2"	0	0	0	0	0	NA	Average	31.66666667	7.7	NA
133	NA	east	C1_SIL	C1	SIL	2	7	8	L	150	0	9	5.5	5	5	NA	2.316666667	31.5	7.425	9	0.07	1.5	0.233333333	3.333333333	NA	18	4.75	10.16666667	4.5	0.683333333	10.33333333	NA	3.333333333	1.666666667	5	NA	0.07	1.5	0.203333333	0.4	NA	NA	NA	0	0	6	1.6	0.2	"2,1,2,2,2,2,2,2,2"	0	0.01	0	0	0	NA	Average	24.75	6.0875	NA
134	NA	east	E4_SIL	E4	SIL	2	8	8	R	140	0	9	4	5	5	NA	2.216666667	NA	NA	7.333333333	0.5	2	0.366666667	2	NA	13.66666667	5.633333333	7.833333333	3.866666667	0.834333333	20.66666667	NA	1.666666667	0	6.666666667	NA	0.366666667	2	0.4	0.066666667	NA	NA	NA	0	0	6	1.6	2	"2,3,2,2,4,2,3,3,2"	0	0	0	0	0	NA	Average	13.66666667	5.633333333	NA
135	NA	east	W2_SIL	W2	SIL	2	8	3	R	140	0	9	6	5	5	NA	2.633333333	28.33333333	8.066666667	6.333333333	0.203333333	1	0.033333333	2	NA	NA	NA	11	5	0.682666667	10	NA	5	1.666666667	10	NA	0.066666667	0.833333333	0.033333333	0.533333333	NA	NA	NA	0	0	7	1.5	0.05	"2,2,2,0,2,2,2,2,1"	0	2	0	0	0	NA	Average	28.33333333	8.066666667	NA
136	NA	east	E3_SIL	E3	SIL	2	9	3	L	140	0	9	4	5	5	NA	2.233333333	16	NA	9.333333333	0.533333333	2	0.4	1.666666667	NA	16	6.116666667	9	4	0.755	29.66666667	NA	0	0	6.666666667	NA	2	1.366666667	4.033333333	0.233333333	NA	NA	NA	2	0	7	1.7	15	"2,3,2,2,2,4,3,3,4"	5	0	0	0	0	NA	Average	16	6.116666667	NA
137	NA	east	W4_SIL	W4	SIL	2	9	4	L	165	0	9	5.5	7	7	NA	2.556666667	35.5	7.85	6.666666667	0.07	1.666666667	0.4	2.333333333	NA	23	6.975	10.5	4.666666667	0.723666667	9.333333333	NA	3.333333333	0	16.66666667	NA	0.033333333	0.333333333	0.333333333	2.166666667	NA	NA	NA	0	0	8	1.7	0.02	"2,2,2,2,2,2,2,2,2"	0	0.02	0	0	0	NA	Average	29.25	7.4125	NA
138	NA	east	C2_SIL	C2	SIL	2	9	8	L	155	0	9	3.9	6	6	NA	2.8	NA	NA	6.333333333	0.233333333	0.366666667	0.1	0.666666667	NA	23	6.366666667	9.833333333	5.333333333	0.832	32	NA	0	5	13.33333333	NA	0.233333333	2	0.1	0.033333333	hypersensitive2?	NA	NA	0	0	6	1.5	0.2	"2,2,2,2,2,2,2,2,2"	0	0	0	0	0	NA	Average	23	6.366666667	NA
139	NA	east	E1_SIL	E1	SIL	2	10	7	R	135	1	8	4.9	6	6	NA	2.15	17	6.4	10	4	2.333333333	5.5	2.333333333	NA	18	6.2	9.666666667	4.5	0.716333333	29	NA	0	0	28.33333333	NA	6	2.666666667	7.333333333	0.233333333	NA	NA	NA	2	0	6	1.5	20	"4,3,4,3,3,4,3,3,2"	20	0	0	0	0	NA	Average	17.5	6.3	NA
140	NA	east	W3_SIL	W3	SIL	2	10	3	R	150	1	8	6.3	6	6	NA	2.133333333	23.66666667	6.733333333	7	0.006666667	0.833333333	0.4	2.333333333	NA	NA	NA	10	5.166666667	0.754333333	10.33333333	NA	5	0	6.666666667	NA	0.07	2	0.233333333	2.333333333	NA	NA	NA	0	1	7	1.7	0.02	"2,2,NA,2,0,2,2,2,2"	0	0.1	0	0	0	NA	Average	23.66666667	6.733333333	NA
141	NA	east	W1_SIL	W1	SIL	2	10	1	R	140	0	9	5.7	5	5	NA	2.266666667	25	8.525	6.666666667	0.2	1.333333333	2.666666667	1.666666667	NA	NA	7.75	9.833333333	4.666666667	0.616	8	NA	3.333333333	5	36.66666667	NA	0.333333333	1.366666667	4	1	NA	NA	NA	0	0	6	1.5	0.1	"0,2,2,2,2,2,2,2,2"	0	0	0	0	0	NA	Average	25	8.1375	NA
142	NA	east	C4_SIL	C4	SIL	2	11	3	L	160	0	9	4.7	7	7	NA	2.483333333	NA	NA	8	0.5	2	4.333333333	1.666666667	NA	20.66666667	6.283333333	8	4.5	0.835666667	24	NA	0	0	5	NA	0.533333333	2	1	0.533333333	NA	NA	NA	0	0	6	1.5	15	"3,3,4,4,4,4,4,2,4"	0	0	0	0	0	NA	Average	20.66666667	6.283333333	NA
143	NA	east	C3_SIL	C3	SIL	2	11	5	L	180	0	9	3.5	8	8	NA	3.066666667	NA	NA	10	1.703333333	2	1.666666667	1.666666667	NA	17.66666667	5	9.333333333	5	0.863333333	23.66666667	NA	0	0	6.666666667	NA	0.7	2	2.666666667	0.166666667	NA	NA	NA	0	0	9	1.8	0.5	"0,3,2,2,3,2,4,2,4"	0	0	0	0	0	NA	Average	17.66666667	5	NA
144	NA	east	E2_SIL	E2	SIL	2	11	7	L	135	0	9	3.9	6	6	NA	2.233333333	NA	NA	10.66666667	1.033333333	2.333333333	2.5	2	NA	14.33333333	6.416666667	10	4.333333333	0.831	29.33333333	NA	0	0	11.66666667	NA	4.166666667	2.333333333	1.666666667	8.5	NA	NA	NA	1	0	6	1.6	20	"4,3,4,4,4,4,4,4,4"	10	0.01	0	0	0	NA	Average	14.33333333	6.416666667	NA
145	NA	east	E4_SIL	E4	SIL	3	12	8	R	110	0	9	4	4	4	NA	1.983333333	15	NA	7.333333333	0.266666667	2.333333333	0.366666667	2.666666667	NA	15.66666667	6	7.5	3.666666667	0.864666667	16.33333333	NA	1.666666667	0	8	NA	0.533333333	2.666666667	1.033333333	0.033333333	NA	NA	NA	0	0	4	1.4	10	"4,2,3,3,4,3,3,2,4"	0	0	0	0	0	NA	Average	15.33333334	6	NA
146	NA	east	W4_SIL	W4	SIL	3	12	5	R	150	0	9	6.3	6	6	NA	2.75	28.66666667	8.05	9	0.003333333	0.166666667	0.066666667	1.333333333	NA	NA	6.75	11.83333333	4.833333333	0.639666667	11.33333333	NA	10	1.666666667	6.666666667	NA	0.036666667	1	0.066666667	0.733333333	chloorsisconstrictedbyvein	NA	NA	0	0	7	1.7	0.05	"2,2,2,2,2,2,2,2,2"	0	0.02	0	0	0	NA	Average	28.66666667	7.4	NA
147	NA	east	C2_SIL	C2	SIL	3	12	2	R	150	0	9	5	6	6	NA	2.4	21.5	6.2	9.333333333	0.203333333	1.666666667	0.166666667	0	NA	23	5.25	10.16666667	5	0.823	23	NA	1.666666667	0	6.666666667	NA	0.2	1.333333333	0.366666667	0.233333333	NA	NA	NA	0	0	7	1.7	0.5	"2,2,2,3,2,2,2,3,2"	0	0.01	0	0	0	NA	Average	22.25	5.725	NA
148	NA	east	C3_SIL	C3	SIL	3	12	1	R	140	0	9	3.7	5	5	NA	2.6	NA	NA	6	0.1	0.5	0.333333333	4.666666667	NA	18.33333333	5.75	7.833333333	3.833333333	0.916666667	30	NA	0	1.666666667	5	NA	0.07	2	0.066666667	0.066666667	NA	NA	NA	0	0	5	1.5	0.1	"2,2,2,2,2,2,2,2,2"	0	0.02	0	0	0	NA	Average	18.33333333	5.75	NA
149	NA	east	C1_SIL	C1	SIL	3	13	2	L	145	0	9	6	5	5	NA	2.216666667	33	5.975	10.33333333	0.203333333	2	0.1	3.666666667	NA	30	5.75	8.633333333	3.666666667	0.806333333	5.333333333	NA	8.333333333	3.333333333	10	NA	0.336666667	2	0.1	0.233333333	NA	NA	NA	0	0	5	1.4	0.1	"2,2,2,2,2,2,2,2,2"	0	0.02	0	0	0	NA	Average	31.5	5.8625	NA
150	NA	east	W3_SIL	W3	SIL	3	13	4	L	150	0	9	6.5	6	6	NA	2.466666667	26	7.125	7.666666667	0	0	0.066666667	5	NA	NA	8.2	10	3.5	0.786333333	8.333333333	NA	11.66666667	1.666666667	23.33333333	NA	0.003333333	0.666666667	0.2	0.366666667	bronzing?blackvein	NA	NA	0	0	8	1.7	0.05	"2,2,2,2,2,2,2,2,2"	0	0.01	0	0	0	NA	Average	26	7.6625	NA
151	NA	east	W2_SIL	W2	SIL	3	15	3	L	140	0	9	5.7	5	5	NA	2.25	27	9.225	7.333333333	0.053333333	2	0.366666667	4.333333333	NA	16	6.55	10.33333333	3.833333333	0.770333333	9.333333333	NA	11.66666667	0	20	NA	0.233333333	2	0.1	0.1	NA	NA	NA	0	0	6	1.5	0.1	"2,2,2,2,2,2,2,2,2"	0	0	0	0	0	NA	Average	21.5	7.8875	NA
152	NA	east	E3_SIL	E3	SIL	3	15	5	L	130	0	9	4	5	5	NA	2.25	14	5.85	11	0.04	2.333333333	0.866666667	3	NA	14	0.54	8.166666667	3.833333333	0.832666667	27	NA	0	0	8.333333333	NA	0.1	1.7	0.733333333	0.666666667	NA	NA	NA	1	0	7	1.8	1	"4,4,3,2,2,3,2,2,3"	2	0	0	0	0	NA	Average	14	3.195	NA
153	NA	east	W1_SIL	W1	SIL	3	16	8	R	115	0	9	5	4	4	NA	2.683333333	26	7.85	7	0.066666667	0.5	0.233333333	3.666666667	NA	24.5	7.975	9.333333333	4.5	0.855666667	13.66666667	NA	5	0	10	NA	0.233333333	1.833333333	0.233333333	0.533333333	NA	NA	NA	0	0	4	1.4	0.1	"2,2,2,2,2,2,2,2,2"	0	0.1	0	0	0	NA	Average	25.25	7.9125	NA
154	NA	east	E2_SIL	E2	SIL	3	16	5	R	125	0	9	3.5	5	5	NA	1.813333333	NA	NA	7.666666667	0.833333333	2.333333333	5.666666667	1.333333333	NA	16	5.466666667	8.166666667	3.666666667	0.729666667	18.33333333	NA	0	0	10	NA	0.833333333	2.333333333	4.666666667	0.2	NA	NA	NA	0	0	6	1.5	15	"2,2,4,3,4,3,2,4,4"	0	0	0	0	0	NA	Average	16	5.466666667	NA
155	NA	east	E1_SIL	E1	SIL	3	16	3	R	120	0	9	3.7	5	5	NA	2.233333333	NA	NA	9.666666667	0.366666667	2.333333333	0.233333333	1	NA	15	5.6	9.333333333	4	0.729666667	26.33333333	NA	0	0	8.333333333	NA	0.866666667	2	0.1	0.2	NA	NA	NA	3	0	6	1.6	10	"3,3,3,4,4,2,3,4,3"	0	0	0	0	0	NA	Average	15	5.6	NA
156	NA	east	C4_SIL	C4	SIL	3	16	2	R	135	1	8	4	4	4	NA	2.633333333	NA	NA	5.333333333	0.233333333	2	0.366666667	3.333333333	NA	24	6.4	8.5	4.5	0.891	31	NA	0	0	6.666666667	NA	0.366666667	1.666666667	0.533333333	1.866666667	NA	NA	NA	0	1	7	1.6	30	"4,4,3,4,3,2,3,NA,4"	0	0	0	0	0	NA	Average	24	6.4	NA
157	NA	east	E1_SIL	E1	SIL	4	17	6	L	125	0	9	4.5	5	5	NA	2.25	18	NA	9	2.166666667	2.333333333	1.166666667	1.666666667	NA	16.66666667	6.433333333	8.166666667	4.5	0.783666667	20.33333333	NA	0	0	8.333333333	NA	2.5	2.333333333	2.166666667	0.033333333	NA	NA	NA	1	0	7	1.8	20	"4,3,3,2,4,3,2,3,4"	20	0	0	0	0	NA	Average	17.33333334	6.433333333	NA
158	NA	east	C4_SIL	C4	SIL	4	17	7	L	150	0	9	4.7	6	6	NA	2.483333333	20	5.25	6.666666667	0.366666667	2	2.166666667	2.333333333	NA	19.5	6.1	8.5	4.833333333	0.814333333	33	NA	1.666666667	3.333333333	6.666666667	NA	0.366666667	2	1.166666667	0.333333333	NA	NA	NA	0	0	6	1.5	15	"4,3,4,4,4,3,4,2,4"	0	0.02	0	0	0	NA	Average	19.75	5.675	NA
159	NA	east	E4_SIL	E4	SIL	4	17	8	L	110	0	9	4.5	4	4	NA	1.95	NA	NA	7	0.866666667	2.333333333	2.333333333	0.333333333	NA	13.66666667	5.933333333	7.833333333	3.833333333	0.857	19	NA	0	0	15.66666667	NA	1.166666667	2	2.666666667	0.033333333	NA	NA	NA	0	0	5	1.5	10	"4,2,2,4,3,4,3,4,4"	0	0	0	0	0	NA	Average	13.66666667	5.933333333	NA
160	NA	east	E2_SIL	E2	SIL	4	18	6	R	110	0	9	5.7	4	4	NA	2	14	6.5	15	3.5	1.666666667	5.166666667	2.333333333	NA	15	5.075	9.666666667	3.833333333	0.793	24	NA	13.33333333	0	6.666666667	NA	3.5	1.666666667	13.5	3.366666667	NA	NA	NA	0	0	6	1.6	30	"4,2,4,3,4,4,4,4,4"	0	0	0	0	0	NA	Average	14.5	5.7875	NA
161	NA	east	C2_SIL	C2	SIL	4	18	4	R	150	0	9	3.9	6	6	NA	3.45	NA	NA	9.666666667	0	0	0	0.666666667	NA	20.33333333	7.333333333	9.833333333	4.833333333	0.862333333	24.33333333	NA	0	3.333333333	8.333333333	NA	0	0	0	0.066666667	NA	NA	NA	0	0	7	1.7	10	"1,4,4,1,2,4,2,4,4"	0	0	0	0	0	NA	Average	20.33333333	7.333333333	NA
162	NA	east	W2_SIL	W2	SIL	4	18	2	R	110	0	9	6.5	5	5	NA	2.033333333	27	7.925	5	0.036666667	1.333333333	0	4.666666667	NA	27	7.65	9	3.666666667	0.854666667	9	NA	1.666666667	0	8.333333333	NA	0.07	2	0.066666667	2	NA	NA	NA	0	0	6	1.5	0.1	"2,2,2,2,2,0,3,2,2"	0	0.1	0	0	0	NA	Average	27	7.7875	NA
163	NA	east	W3_SIL	W3	SIL	4	19	7	L	135	0	9	6.7	6	6	NA	2.4	24.66666667	6.9	11	0.04	1.166666667	2.166666667	3.333333333	NA	NA	NA	9.166666667	3.333333333	0.683	6	NA	15	0	33.33333333	NA	0.166666667	0.666666667	1	1.333333333	NA	NA	NA	0	0	7	1.7	0.2	"2,2,2,2,2,2,2,2,2"	0	0.02	0	0	0	NA	Average	24.66666667	6.9	NA
164	NA	east	E3_SIL	E3	SIL	4	20	8	R	105	1	8	3.9	4	4	NA	2.066666667	13	5.25	9.666666667	0.666666667	2.333333333	2.333333333	3	NA	13.5	5.7	8.333333333	3.666666667	0.635333333	30.33333333	NA	0	0	13.33333333	NA	2.166666667	2.333333333	3	0.333333333	NA	NA	NA	0	0	5	1.4	10	"2,3,3,2,4,2,4,2,2"	0	0	0	0	0	NA	Average	13.25	5.475	NA
165	NA	east	W4_SIL	W4	SIL	4	20	4	R	105	0	9	4	4	4	NA	1.866666667	25	6.45	3.333333333	0.036666667	1.333333333	0	3	NA	23.5	5.1	9.5	3.833333333	0.661	4	NA	1.666666667	0	23.33333333	NA	0.066666667	1.333333333	0.2	0.166666667	NA	NA	NA	0	0	6	1.5	0.1	"1,2,2,2,2,2,2,2,2"	0	0	0	0	0	NA	Average	24.25	5.775	NA
166	NA	east	C1_SIL	C1	SIL	4	21	6	L	120	1	8	6	5	5	NA	2.116666667	25.66666667	7.5	9.333333333	1.166666667	2	15	3.666666667	NA	NA	NA	9.333333333	4	0.763666667	12	NA	1.666666667	0	20	NA	0.5	2	15	0.233333333	NA	NA	NA	0	0	8	1.7	1	"2,2,2,2,2,2,2,2,3"	0	0	0	0	0	NA	Average	25.66666667	7.5	NA
167	NA	east	W1_SIL	W1	SIL	4	22	8	R	100	0	9	5	5	5	NA	2.2	33	9.3	7	0.533333333	2	4	3.333333333	NA	21.5	7.2	10	4	0.780666667	7	NA	8.333333333	0	20	NA	0.5	2	4.333333333	0.066666667	NA	NA	NA	0	0	7	1.7	0.1	"2,2,2,2,2,2,2,2,2"	0	0.01	0	0	0	NA	Average	27.25	8.25	NA
168	NA	east	C3_SIL	C3	SIL	4	22	6	R	150	0	9	3.5	6	6	NA	2.7	NA	NA	8.666666667	0.35	2	3.366666667	3.333333333	NA	23.66666667	5.9	8.366666667	4.5	1.110666667	26	NA	0	1.666666667	11.66666667	NA	0.366666667	2	6.7	0.1	NA	NA	NA	2	0	8	1.7	2	"3,3,4,2,0,2,4,3,3"	0	0	0	0	0	NA	Average	23.66666667	5.9	NA
169	NA	east	E4_SIL	E4	SIL	5	23	3	L	120	0	9	3.9	5	5	NA	2.083333333	13	4.25	6.333333333	0.233333333	2	1.866666667	1.666666667	NA	20	6.125	9	5.5	0.746	16.33333333	NA	0	0	6.666666667	NA	0.233333333	2	1.033333333	0.033333333	NA	NA	NA	0	0	6	1.5	30	"4,4,3,2,4,4,3,3,4"	0	0	0	0	0	NA	Average	16.5	5.1875	NA
170	NA	east	W1_SIL	W1	SIL	5	23	4	L	125	0	9	6	5	5	NA	2.533333333	26.33333333	7.383333333	6.333333333	0.04	1.666666667	0.1	2.333333333	NA	NA	NA	11.83333333	5.666666667	0.775	12.66666667	NA	8.333333333	0	15	NA	0.033333333	0.666666667	0.066666667	0.366666667	NA	NA	NA	0	0	7	1.6	0.5	"2,2,2,2,2,2,2,2,2"	0	0	0	0	0	NA	Average	26.33333333	7.383333333	NA
171	NA	east	E1_SIL	E1	SIL	5	23	6	L	120	1	8	4.5	5	5	NA	2.083333333	18	4.25	7	1.166666667	2.333333333	2.666666667	3.333333333	NA	17.5	4.2	10.33333333	4.666666667	0.763	32.33333333	NA	3.333333333	1.666666667	16.66666667	NA	5.666666667	2.666666667	1.333333333	0.333333333	NA	NA	NA	1	0	5	1.5	25	"4,4,4,3,4,4,4,4,3"	30	0	0	0	0	NA	Average	17.75	4.225	NA
172	NA	east	W3_SIL	W3	SIL	5	24	3	R	125	1	8	5.5	5	5	NA	2.1	NA	NA	6.333333333	0.036666667	1.333333333	0.2	3.333333333	NA	19.66666667	6.5	9.666666667	3.666666667	0.656	5	NA	0	0	16.66666667	NA	0.033333333	0.666666667	0.066666667	0.533333333	NA	NA	NA	0	1	5	1.4	0.1	"2,2,2,2,2,NA,2,2,2"	0	0	0	0	0	NA	Average	19.66666667	6.5	NA
173	NA	east	W4_SIL	W4	SIL	5	24	2	R	140	0	9	4.5	4	4	NA	1.966666667	NA	NA	5.333333333	0.036666667	1.333333333	0.033333333	4	NA	24.66666667	7.166666667	10.33333333	5	0.719666667	5.666666667	NA	3.333333333	0	11.66666667	NA	0.166666667	0.666666667	0.233333333	2.166666667	NA	NA	NA	0	0	5	1.4	0.05	"0,2,2,0,2,0,0,0,2"	0	0.02	0	0	0.2	NA	Average	24.66666667	7.166666667	NA
174	NA	east	C3_SIL	C3	SIL	5	25	1	L	140	0	9	5	6	6	NA	2.166666667	NA	NA	6.666666667	0.233333333	1.666666667	0.533333333	2.333333333	NA	17	5.97	6.666666667	3.166666667	0.918333333	12.66666667	NA	0	0	10	NA	0.1	2	0.366666667	0.033333333	NA	NA	NA	0	0	6	1.5	1	"2,2,3,3,2,3,2,3,2"	0	0	0	0	0	NA	Average	17	5.97	NA
175	NA	east	W2_SIL	W2	SIL	5	25	4	L	140	0	9	5.5	5	5	NA	2.333333333	30.5	9.82	6.333333333	0.006666667	1.333333333	0.033333333	2.333333333	NA	20	5.95	10.16666667	4.833333333	0.674333333	7.333333333	NA	6.666666667	0	33.33333333	NA	0	0	0.2	0.233333333	NA	NA	NA	0	0	6	1.5	0.5	"2,2,2,2,2,1,2,2,0"	0	0.01	0	0	0.02	NA	Average	25.25	7.885	NA
176	NA	east	E2_SIL	E2	SIL	5	25	6	L	130	1	8	3.5	6	6	NA	2.283333333	NA	NA	11.66666667	0.203333333	2	1.866666667	0.666666667	NA	15.66666667	5.766666667	9.166666667	4.833333333	0.764	34.33333333	NA	5	0	11.66666667	NA	0.2	1.666666667	5.333333333	0.366666667	NA	NA	NA	0	1	6	1.6	10	"3,0,3,3,4,4,4,4,NA"	0	0	0	0	0	NA	Average	15.66666667	5.766666667	NA
177	NA	east	C4_SIL	C4	SIL	5	26	8	R	130	1	8	3.9	5	5	NA	1.783333333	20	5.85	7.666666667	0.666666667	2	3	1.666666667	NA	22	6.975	8.333333333	4.833333333	0.869333333	15	NA	0	0	8.333333333	NA	0.666666667	2	1.166666667	0.2	NA	NA	NA	0	0	6	1.5	5	"2,3,3,3,3,4,4,2,3"	0	0	0	0	0	NA	Average	21	6.4125	NA
178	NA	east	E3_SIL	E3	SIL	5	26	7	R	135	0	9	4	5	5	NA	1.983333333	NA	NA	10.33333333	0.5	2	3.833333333	2.666666667	NA	14.33333333	5.4	8.5	4.166666667	0.897666667	22.66666667	NA	0	0	8.333333333	NA	0.533333333	2	2.166666667	0.333333333	NA	NA	NA	1	0	6	1.8	15	"2,4,3,2,2,4,4,4,2"	0	0	0	0	0	NA	Average	14.33333333	5.4	NA
179	NA	east	C2_SIL	C2	SIL	5	26	3	R	160	0	9	3.9	7	7	NA	3.566666667	NA	NA	9.333333333	0.02	1.333333333	0.166666667	1	NA	26	6.6	10.16666667	5.833333333	0.841	40	NA	1.666666667	0	8.333333333	NA	0	0	0.033333333	0.233333333	NA	NA	NA	0	0	7	1.7	2	"3,0,2,2,3,4,3,3,2"	0	0	0	0	0	NA	Average	26	6.6	NA
180	NA	east	C1_SIL	C1	SIL	5	27	7	L	135	0	9	6.5	6	6	NA	1.933333333	29	8.4	8.333333333	1	2	15	1.666666667	NA	NA	8.4	10.83333333	4.166666667	0.702	6.333333333	NA	1.666666667	0	16.66666667	NA	1.666666667	2	20	0.733333333	NA	NA	NA	0	0	6	1.5	2	"2,1,2,2,2,2,3,2,3"	0	0	0	0	0	NA	Average	29	8.4	NA
