original_region,Location.f,Year.f,N,LeafBlotchZScore,sd,se,ci
Central,west,2019,20,-0.02803668863087838,1.1051420821304667,0.2471172820439379,0.5172224155779646
Central,west,2020,20,-0.30692433676389286,0.4229231535321755,0.09456849205565247,0.1979341286616017
Central,central,2019,20,-0.13096131938431366,0.7052027078129302,0.15768811925866338,0.3300450267027886
Central,central,2020,20,-0.25981110217194797,0.7786495056977586,0.1741113225386798,0.36441918621830044
Central,east,2019,20,-0.14340201650740952,0.029489884827651466,0.006594138712326834,0.013801690943005098
Central,east,2020,20,-0.19791583626513812,0.528434487060789,0.11816154347231572,0.24731495279356994
East,west,2019,20,-0.303868228249373,0,0,0
East,west,2020,20,-0.16418964185287022,0.8240214198243884,0.18425679096432251,0.3856538956764106
East,central,2019,20,-0.28864943864297704,0,0,0
East,central,2020,20,-0.7632338481819338,0.10372450999849113,0.023193505528948277,0.04854456497814086
East,east,2019,20,-0.1608428022988512,0.0086663961357058,0.0019378650879379661,0.004055998243252237
East,east,2020,20,-0.11129855263812453,0.8188521961920913,0.18310091742105103,0.3832346245464892
West,west,2019,20,0.33190491688025137,1.2922624385126127,0.2889586657283844,0.6047974380992385
West,west,2020,20,0.47111397861676296,1.373397363722265,0.3071009865401988,0.6427697519611585
West,central,2019,19,0.4416955347655692,1.5426330737067742,0.35390429869743995,0.7435253412694993
West,central,2020,20,1.0230449503538817,0.8380115426727451,0.18738507753457237,0.39220147471702604
West,east,2019,20,0.3042448188062607,1.7198846421221132,0.3845778973242943,0.804930789893517
West,east,2020,20,0.3092143889032626,1.4144199427117563,0.31627391406348454,0.6619689099167396
